cam_model: Pinhole
cam_width: 1280
cam_height: 720
scale: 0.5
# for L515
cam_fx: 903.0992431640625
cam_fy: 904.0216064453125
cam_cx: 652.7037963867188
cam_cy: 362.70477294921875
cam_d0: 0.15940217673778534
cam_d1: -0.47344061732292175
cam_d2: -0.000602894404437393
cam_d3: -0.00021748589642811567
